# train_loss,train_acc,test_loss,test_acc
1.919728449543418813e+00,2.996900000000000119e+01,1.711164301633834928e+00,3.881000000000000227e+01
1.573393479637477776e+00,4.172800000000000153e+01,1.551300811767578169e+00,4.477000000000000313e+01
1.432184394668130301e+00,4.742699999999999960e+01,1.348643308877945035e+00,5.088000000000000256e+01
1.308384998984958747e+00,5.232300000000000040e+01,1.217393785715103149e+00,5.657000000000000028e+01
1.203507247635775546e+00,5.622599999999999909e+01,1.256060928106307983e+00,5.564999999999999858e+01
1.110128410636921359e+00,5.982000000000000028e+01,1.137993101477623004e+00,5.984000000000000341e+01
1.026302871954105633e+00,6.310600000000000165e+01,1.019890894889831534e+00,6.412999999999999545e+01
9.743320452587683755e-01,6.503000000000000114e+01,1.016164677143096995e+00,6.432999999999999829e+01
9.187073545992526791e-01,6.693899999999999295e+01,8.593810021877288374e-01,7.020000000000000284e+01
8.746985146761550034e-01,6.831399999999999295e+01,8.180169039964675370e-01,7.125000000000000000e+01
8.439603118640383039e-01,6.974200000000000443e+01,1.447508624792098963e+00,5.292000000000000171e+01
8.136598659903192532e-01,7.097199999999999420e+01,7.684532141685486151e-01,7.359000000000000341e+01
7.906576773089826204e-01,7.172100000000000364e+01,9.214149260520935192e-01,6.825000000000000000e+01
7.704643805313597937e-01,7.234699999999999420e+01,1.016216637492179942e+00,6.506999999999999318e+01
7.556233325272875279e-01,7.302899999999999636e+01,7.422727954387664528e-01,7.440999999999999659e+01
7.315336982612414829e-01,7.378900000000000148e+01,7.722350239753723589e-01,7.359999999999999432e+01
7.231815192095764067e-01,7.385800000000000409e+01,1.019591766595840499e+00,6.598999999999999488e+01
7.128501266164852801e-01,7.440999999999999659e+01,7.850253561139106662e-01,7.331000000000000227e+01
7.022647113751268044e-01,7.461100000000000421e+01,7.747990238666534468e-01,7.359000000000000341e+01
6.957658535379278586e-01,7.507899999999999352e+01,1.058562364578247150e+00,6.353999999999999915e+01
6.833444116518015976e-01,7.561100000000000421e+01,7.049329742789268716e-01,7.531999999999999318e+01
6.636756600626289027e-01,7.623600000000000421e+01,9.606265354156494629e-01,6.754999999999999716e+01
6.625794246221137218e-01,7.623699999999999477e+01,6.854722234606742681e-01,7.656000000000000227e+01
6.564275346448659176e-01,7.640800000000000125e+01,7.454839974641800371e-01,7.393999999999999773e+01
6.452399441958083237e-01,7.687800000000000011e+01,6.261841681599616960e-01,7.851999999999999602e+01
6.397723171412182941e-01,7.702100000000000080e+01,9.882459211349486905e-01,6.815000000000000568e+01
6.354413975382704471e-01,7.728100000000000591e+01,7.628943037986755105e-01,7.431999999999999318e+01
6.225149985164633026e-01,7.761400000000000432e+01,8.435944131016731573e-01,7.237999999999999545e+01
6.296441918596282772e-01,7.744299999999999784e+01,8.181817775964737027e-01,7.175000000000000000e+01
6.149773414025221374e-01,7.776600000000000534e+01,5.817350241541862088e-01,8.006000000000000227e+01
4.936741513516896829e-01,8.224699999999999989e+01,4.753180205821990745e-01,8.406000000000000227e+01
4.476093458550055582e-01,8.374599999999999511e+01,4.621568176150321894e-01,8.434000000000000341e+01
4.293266640752173013e-01,8.429099999999999682e+01,4.638846102356910528e-01,8.406000000000000227e+01
4.177270306803076427e-01,8.463299999999999557e+01,4.530310471355915025e-01,8.429000000000000625e+01
4.094613077085646480e-01,8.495199999999999818e+01,4.493390214443206965e-01,8.437000000000000455e+01
3.991363410983244098e-01,8.532999999999999829e+01,4.428035023808479242e-01,8.478000000000000114e+01
3.870067868924811916e-01,8.560899999999999466e+01,4.462483879923820340e-01,8.484000000000000341e+01
3.841115849097366253e-01,8.577899999999999636e+01,4.387381266057491236e-01,8.518999999999999773e+01
3.806122751415842997e-01,8.575799999999999557e+01,4.350892716646194702e-01,8.528000000000000114e+01
3.685597697715929932e-01,8.622700000000000387e+01,4.396585293114185222e-01,8.481999999999999318e+01
3.681132475204784704e-01,8.619199999999999307e+01,4.337324976921081432e-01,8.529000000000000625e+01
3.650310611176064146e-01,8.626500000000000057e+01,4.378133726119994851e-01,8.506000000000000227e+01
3.566717572910401701e-01,8.656699999999999307e+01,4.241013044118881470e-01,8.562999999999999545e+01
3.482476946185616984e-01,8.681699999999999307e+01,4.257787522673606717e-01,8.531999999999999318e+01
3.467009901009557304e-01,8.692000000000000171e+01,4.228426858782768361e-01,8.562999999999999545e+01
3.432159273673201505e-01,8.697299999999999898e+01,4.223315072059631303e-01,8.576000000000000512e+01
3.397574459805208225e-01,8.721599999999999397e+01,4.259155781567096621e-01,8.551000000000000512e+01
3.356324089381396147e-01,8.728700000000000614e+01,4.287407171726226873e-01,8.523999999999999488e+01
3.361803969306409456e-01,8.715600000000000591e+01,4.115354970097541698e-01,8.575000000000000000e+01
3.251663126299143558e-01,8.758199999999999363e+01,4.216575871407985954e-01,8.595000000000000284e+01
3.261794410550685752e-01,8.744299999999999784e+01,4.152295047044753940e-01,8.582999999999999829e+01
3.272196640596365391e-01,8.741599999999999682e+01,4.202242986857890883e-01,8.548000000000000398e+01
3.180834639179127565e-01,8.778000000000000114e+01,4.155534394085407257e-01,8.581999999999999318e+01
3.122173255438084882e-01,8.791100000000000136e+01,4.267764271795749798e-01,8.551000000000000512e+01
3.116535705983486393e-01,8.790200000000000102e+01,4.257119384407996865e-01,8.545000000000000284e+01
3.090690497089834676e-01,8.804800000000000182e+01,4.191863662004470803e-01,8.575000000000000000e+01
3.033992376397637858e-01,8.814000000000000057e+01,4.183314570784568698e-01,8.575000000000000000e+01
3.056932978541649915e-01,8.798199999999999932e+01,4.299915622174739771e-01,8.539000000000000057e+01
3.005555952753862226e-01,8.834000000000000341e+01,4.062485820055007912e-01,8.618000000000000682e+01
2.930475315626929755e-01,8.867799999999999727e+01,4.149201884865760803e-01,8.618000000000000682e+01
2.770839095344324043e-01,8.936700000000000443e+01,3.929387128353118985e-01,8.673999999999999488e+01
2.700524974966903025e-01,8.951699999999999591e+01,3.892902103066444575e-01,8.681999999999999318e+01
2.684951612482900374e-01,8.949500000000000455e+01,3.901472266018390922e-01,8.692000000000000171e+01
2.593761783884004357e-01,8.994199999999999307e+01,3.895008359849452817e-01,8.695999999999999375e+01
2.608288918690913061e-01,8.975400000000000489e+01,3.876060287654399805e-01,8.689000000000000057e+01
2.581310632741055100e-01,8.992799999999999727e+01,3.865426379442215010e-01,8.698000000000000398e+01
2.561559831089985639e-01,8.998999999999999488e+01,3.871267698705196381e-01,8.687999999999999545e+01
2.540997765253267260e-01,8.996399999999999864e+01,3.884620121121406533e-01,8.670999999999999375e+01
2.545131026478984482e-01,9.008599999999999852e+01,3.858708308637142093e-01,8.667000000000000171e+01
2.507980854233817225e-01,9.010899999999999466e+01,3.854839259386062533e-01,8.687000000000000455e+01
2.518432753927567491e-01,9.005700000000000216e+01,3.845632161200046584e-01,8.714000000000000057e+01
2.524311457524823776e-01,9.013200000000000500e+01,3.868322327733039745e-01,8.675000000000000000e+01
2.501042885015077877e-01,9.009900000000000375e+01,3.865266455709934212e-01,8.676999999999999602e+01
2.468196748543883268e-01,9.024399999999999977e+01,3.888319057226181097e-01,8.685999999999999943e+01
2.449602977851467744e-01,9.024200000000000443e+01,3.853730392456054532e-01,8.681999999999999318e+01
2.477641272384797089e-01,9.040000000000000568e+01,3.855218985676765464e-01,8.703000000000000114e+01
2.460792005214544886e-01,9.020600000000000307e+01,3.840881098806858129e-01,8.700000000000000000e+01
2.474105393566438937e-01,9.016599999999999682e+01,3.856381782889365950e-01,8.695999999999999375e+01
2.461195916623410695e-01,9.029399999999999693e+01,3.859340809285640717e-01,8.685999999999999943e+01
2.438028866372754788e-01,9.028900000000000148e+01,3.835321015119552701e-01,8.701000000000000512e+01
2.420918525332380056e-01,9.039700000000000557e+01,3.822731961309909776e-01,8.701999999999999602e+01
2.435137023553823887e-01,9.034199999999999875e+01,3.856752301752567336e-01,8.689000000000000057e+01
2.412569260658205539e-01,9.039100000000000534e+01,3.853649093210697041e-01,8.698000000000000398e+01
2.385026538158621645e-01,9.046099999999999852e+01,3.873437018692493239e-01,8.681000000000000227e+01
2.404187758026830324e-01,9.040900000000000603e+01,3.841223347187042170e-01,8.685999999999999943e+01
2.379128609776801906e-01,9.045999999999999375e+01,3.813791710138321189e-01,8.714000000000000057e+01
2.380767059905449790e-01,9.046399999999999864e+01,3.849348381161689647e-01,8.695000000000000284e+01
2.375257715887730825e-01,9.050199999999999534e+01,3.850102567672729625e-01,8.715999999999999659e+01
2.365707045854509860e-01,9.057299999999999329e+01,3.833233995735645383e-01,8.693999999999999773e+01
2.360571527191440144e-01,9.054800000000000182e+01,3.844873426854610310e-01,8.709999999999999432e+01
2.337294927872050343e-01,9.069599999999999795e+01,3.831374190747737773e-01,8.700000000000000000e+01
2.342957940590960908e-01,9.065500000000000114e+01,3.815801364183425970e-01,8.725000000000000000e+01
2.320064140478973191e-01,9.068699999999999761e+01,3.823746185004711085e-01,8.712999999999999545e+01
2.328897904404593766e-01,9.070399999999999352e+01,3.809032598137855330e-01,8.714000000000000057e+01
2.333941937178906911e-01,9.069299999999999784e+01,3.815438582003116696e-01,8.712000000000000455e+01
2.314905611145526843e-01,9.080800000000000693e+01,3.805979084968567072e-01,8.718999999999999773e+01
2.313519537143999827e-01,9.078900000000000148e+01,3.815703593194484933e-01,8.717000000000000171e+01
2.317194240477384037e-01,9.085399999999999920e+01,3.804168805480003246e-01,8.732999999999999829e+01
2.306742306865389724e-01,9.083100000000000307e+01,3.815534549951553611e-01,8.712000000000000455e+01
2.326607570776244305e-01,9.078799999999999670e+01,3.790793433785438760e-01,8.712999999999999545e+01
