train_loss,train_acc,test_loss,test_acc
1.888645838593582926e+00,3.064199999999999946e+01,1.595398708581924341e+00,4.085999999999999943e+01
1.534433094131977038e+00,4.256300000000000239e+01,1.397003053426742580e+00,4.900000000000000000e+01
1.376771853098174292e+00,4.870199999999999818e+01,1.226953519582748342e+00,5.671999999999999886e+01
1.246945370188759394e+00,5.400000000000000000e+01,1.172449890971183795e+00,5.813000000000000256e+01
1.148355096502377215e+00,5.767699999999999960e+01,1.115326564908027729e+00,6.028000000000000114e+01
1.076929053687073701e+00,6.032999999999999829e+01,1.113756553530693028e+00,6.068999999999999773e+01
1.006794278426548450e+00,6.293200000000000216e+01,1.339331157207489076e+00,5.525999999999999801e+01
9.593501562047797027e-01,6.471099999999999852e+01,1.045676668286323441e+00,6.261999999999999744e+01
9.090086233890269929e-01,6.672400000000000375e+01,9.120296412706374589e-01,6.853000000000000114e+01
8.700595935592261299e-01,6.816700000000000159e+01,9.271779114007949740e-01,6.815999999999999659e+01
8.399205267276910192e-01,6.904800000000000182e+01,8.190098732709885088e-01,7.104000000000000625e+01
8.079639106150477978e-01,7.032099999999999795e+01,8.164332270622253196e-01,7.248000000000000398e+01
7.897975056067757516e-01,7.094400000000000261e+01,8.701578074693679943e-01,6.953000000000000114e+01
7.685313009849900068e-01,7.185200000000000387e+01,9.578924602270126876e-01,6.731000000000000227e+01
7.465762366419252949e-01,7.248499999999999943e+01,9.571237713098526001e-01,6.689000000000000057e+01
7.327477614897901503e-01,7.308899999999999864e+01,8.595854210853576260e-01,7.048999999999999488e+01
7.208151081029106066e-01,7.344799999999999329e+01,7.468200489878654702e-01,7.498999999999999488e+01
7.063774643346781845e-01,7.395000000000000284e+01,6.873874303698539467e-01,7.673000000000000398e+01
6.905221307978910428e-01,7.466899999999999693e+01,8.883511352539062988e-01,7.037000000000000455e+01
6.818528765302789285e-01,7.476099999999999568e+01,7.487638708949089228e-01,7.454999999999999716e+01
6.727904533333790571e-01,7.510200000000000387e+01,6.956382751464843528e-01,7.646999999999999886e+01
6.656685683428479328e-01,7.556000000000000227e+01,7.308503106236458047e-01,7.481000000000000227e+01
6.561974107914263499e-01,7.561899999999999977e+01,7.110154646635055142e-01,7.501999999999999602e+01
6.427272309732559030e-01,7.637399999999999523e+01,7.993661773204803200e-01,7.273999999999999488e+01
6.392529726485767227e-01,7.631000000000000227e+01,6.479540419578552202e-01,7.765000000000000568e+01
6.272877575948719864e-01,7.667100000000000648e+01,7.135797300934791920e-01,7.565999999999999659e+01
6.229867349805124910e-01,7.690800000000000125e+01,6.006670954823494224e-01,7.956000000000000227e+01
6.210733492813451662e-01,7.677500000000000568e+01,6.612586301565169800e-01,7.701999999999999602e+01
6.130706388169847587e-01,7.714199999999999591e+01,6.122600281238556041e-01,7.906000000000000227e+01
6.111217925463185985e-01,7.726699999999999591e+01,6.701890221238135936e-01,7.670999999999999375e+01
4.972740119070653275e-01,8.161899999999999977e+01,4.864721861481666743e-01,8.348000000000000398e+01
4.580637205897085118e-01,8.277700000000000102e+01,4.590108403563499251e-01,8.439000000000000057e+01
4.432071426792827951e-01,8.311400000000000432e+01,4.560486489534378296e-01,8.437000000000000455e+01
4.339537668563520634e-01,8.333100000000000307e+01,4.482445138692855990e-01,8.496999999999999886e+01
4.218525193688814623e-01,8.390600000000000591e+01,4.445358583331108226e-01,8.531000000000000227e+01
4.170242915373019166e-01,8.402500000000000568e+01,4.397352114319801331e-01,8.517000000000000171e+01
4.108861346378960833e-01,8.416899999999999693e+01,4.389989742636680736e-01,8.484000000000000341e+01
4.072881613850898308e-01,8.438200000000000500e+01,4.400063896179199352e-01,8.484999999999999432e+01
3.985376753618040113e-01,8.457699999999999818e+01,4.338673658668995015e-01,8.528000000000000114e+01
3.929013848838294187e-01,8.462099999999999511e+01,4.343875175714492776e-01,8.517000000000000171e+01
3.903069523975367661e-01,8.483799999999999386e+01,4.240636295080185136e-01,8.581000000000000227e+01
3.868434766826727156e-01,8.497899999999999920e+01,4.277803002297878021e-01,8.573999999999999488e+01
3.814505259399219028e-01,8.513599999999999568e+01,4.227092760801315352e-01,8.545999999999999375e+01
3.765063258769262289e-01,8.512999999999999545e+01,4.278019848465919317e-01,8.562999999999999545e+01
3.750746023395787332e-01,8.529999999999999716e+01,4.265382471680640997e-01,8.537000000000000455e+01
3.722959116215596165e-01,8.536599999999999966e+01,4.222619581222534224e-01,8.579000000000000625e+01
3.666083693047008651e-01,8.552599999999999625e+01,4.318992970883846483e-01,8.525000000000000000e+01
3.636898267299623067e-01,8.570499999999999829e+01,4.190885145962238156e-01,8.564000000000000057e+01
3.643427546829213770e-01,8.559499999999999886e+01,4.223147478699684210e-01,8.575000000000000000e+01
3.583115562606040694e-01,8.582299999999999329e+01,4.136972731351852284e-01,8.637999999999999545e+01
3.585647291615796095e-01,8.582099999999999795e+01,4.194168570637702986e-01,8.581999999999999318e+01
3.519913716541836490e-01,8.613500000000000512e+01,4.200908085703849992e-01,8.568999999999999773e+01
3.511799915748484158e-01,8.611700000000000443e+01,4.146526676416397161e-01,8.615000000000000568e+01
3.474752983397534911e-01,8.611899999999999977e+01,4.127377790212631292e-01,8.601000000000000512e+01
3.442851324063128104e-01,8.626000000000000512e+01,4.074273514747619451e-01,8.625000000000000000e+01
3.431747155573666719e-01,8.632899999999999352e+01,4.078945136070251665e-01,8.593999999999999773e+01
3.370949811566516519e-01,8.650199999999999534e+01,4.206508634984493233e-01,8.559000000000000341e+01
3.387464007072131800e-01,8.651200000000000045e+01,4.120168589055538400e-01,8.582999999999999829e+01
3.377671892304554557e-01,8.636199999999999477e+01,4.063698394596576557e-01,8.612999999999999545e+01
3.341617855574468554e-01,8.665200000000000102e+01,4.104620380699634530e-01,8.626000000000000512e+01
3.197334904576201731e-01,8.720499999999999829e+01,3.927550718188285717e-01,8.684000000000000341e+01
3.121393997498485562e-01,8.759799999999999898e+01,3.926110225915908636e-01,8.685999999999999943e+01
3.120223984236607517e-01,8.735500000000000398e+01,3.903707127273082778e-01,8.714000000000000057e+01
3.093219386875781796e-01,8.763899999999999579e+01,3.906854668259620578e-01,8.693999999999999773e+01
3.092883531852146373e-01,8.748099999999999454e+01,3.888731512427330284e-01,8.690999999999999659e+01
3.053370195505259455e-01,8.765600000000000591e+01,3.892161211371421570e-01,8.687000000000000455e+01
3.041417376159706865e-01,8.781699999999999307e+01,3.873548945784568986e-01,8.698999999999999488e+01
3.046390207298576569e-01,8.768099999999999739e+01,3.882091102004051053e-01,8.703000000000000114e+01
3.029809776322006099e-01,8.767499999999999716e+01,3.862996852397918568e-01,8.703000000000000114e+01
3.010185576613296776e-01,8.769100000000000250e+01,3.872615905106067680e-01,8.704999999999999716e+01
3.004822849160265208e-01,8.787000000000000455e+01,3.858260881900787420e-01,8.701999999999999602e+01
2.991850319725777863e-01,8.786299999999999955e+01,3.893146583437919750e-01,8.698999999999999488e+01
3.013592755321956584e-01,8.782299999999999329e+01,3.856005077064037501e-01,8.714000000000000057e+01
3.011535395441762852e-01,8.780200000000000671e+01,3.854816168546676414e-01,8.710999999999999943e+01
2.976905344544774068e-01,8.807399999999999807e+01,3.898145556449890137e-01,8.678000000000000114e+01
3.036590370985552956e-01,8.765200000000000102e+01,3.881198625266552016e-01,8.678000000000000114e+01
2.991925606794674231e-01,8.790200000000000102e+01,3.837157738208770708e-01,8.692000000000000171e+01
2.977998002868174066e-01,8.788299999999999557e+01,3.849947492778301172e-01,8.698000000000000398e+01
2.972858402201586925e-01,8.790200000000000102e+01,3.838905560970306552e-01,8.701000000000000512e+01
2.940410299374319192e-01,8.810599999999999454e+01,3.820657818019390084e-01,8.709999999999999432e+01
2.958693536346220787e-01,8.796999999999999886e+01,3.853549554944038502e-01,8.703000000000000114e+01
2.944896017651423836e-01,8.808100000000000307e+01,3.832949768006801428e-01,8.703000000000000114e+01
2.940687025751909101e-01,8.809799999999999898e+01,3.835625813901424319e-01,8.710999999999999943e+01
2.962787481753722529e-01,8.797299999999999898e+01,3.865515106916427857e-01,8.689000000000000057e+01
2.945373468386852656e-01,8.795000000000000284e+01,3.816085849702358090e-01,8.718999999999999773e+01
2.918064952125329903e-01,8.812199999999999989e+01,3.826697100698948084e-01,8.717000000000000171e+01
2.935282685186552110e-01,8.786499999999999488e+01,3.834964813292026653e-01,8.725000000000000000e+01
2.923639885071293576e-01,8.810999999999999943e+01,3.819215904176235243e-01,8.718999999999999773e+01
2.879379513623464559e-01,8.827700000000000102e+01,3.832975466549396470e-01,8.701000000000000512e+01
2.906826987214710667e-01,8.808599999999999852e+01,3.814671073853969641e-01,8.721999999999999886e+01
2.883636775376546835e-01,8.815900000000000603e+01,3.816807131469249770e-01,8.709999999999999432e+01
2.912988773239847951e-01,8.801300000000000523e+01,3.815416376292705691e-01,8.698000000000000398e+01
2.886261633213828559e-01,8.819400000000000261e+01,3.811554704606532895e-01,8.720000000000000284e+01
2.880649076169713996e-01,8.826800000000000068e+01,3.806065647304058275e-01,8.698000000000000398e+01
2.880425028255223507e-01,8.829399999999999693e+01,3.831112273037433624e-01,8.706000000000000227e+01
2.891569925314935174e-01,8.818300000000000693e+01,3.799978184700012473e-01,8.726999999999999602e+01
2.887965792508991325e-01,8.820600000000000307e+01,3.806698311865329698e-01,8.715999999999999659e+01
2.873375041558004495e-01,8.821500000000000341e+01,3.811930836737155714e-01,8.726999999999999602e+01
2.871762420362828361e-01,8.832899999999999352e+01,3.827460710704326807e-01,8.704999999999999716e+01
2.879203097594668637e-01,8.807999999999999829e+01,3.820221757888793701e-01,8.726000000000000512e+01
